111000110000000001
111000110000000011
111000110000000101
111000110000000111
111000110000001001
111000110000001011
111000110000001101
111000110000001111
111000110000010001
111000110000010011
111000110000010101
111000110000010111
111000110000011001
111000110000011011
111000110000011101
111000110000011111
111000110000100001
111000110000100011
111000110000100101
111000110000100111
111000110000101001
111000110000101011
111000110000101101
111000110000101111
111000110000110001
111000110000110011
111000110000110101
111000110000110111
111000110000111001
111000110000111011
111000110000111101
111000110000111111
111000110001000001
111000110001000011
111000110001000101
111000110001000111
111000110001001001
111000110001001011
111000110001001101
111000110001001111
111000110001010001
111000110001010011
111000110001010101
111000110001010111
111000110001011001
111000110001011011
111000110001011101
111000110001011111
111000110001100001
111000110001100011
111000110001100101
111000110001100111
111000110001101001
111000110001101011
111000110001101101
111000110001101111
111000110001110001
111000110001110011
111000110001110101
111000110001110111
111000110001111001
111000110001111011
111000110001111101
111000110001111111
111000110010000001
111000110010000011
111000110010000101
111000110010000111
111000110010001001
111000110010001011
111000110010001101
111000110010001111
111000110010010001
111000110010010011
111000110010010101
111000110010010111
111000110010011001
111000110010011011
111000110010011101
111000110010011111
111000110010100001
111000110010100011
111000110010100101
111000110010100111
111000110010101001
111000110010101011
111000110010101101
111000110010101111
111000110010110001
111000110010110011
111000110010110101
111000110010110111
111000110010111001
111000110010111011
111000110010111101
111000110010111111
111000110011000001
111000110011000011
111000110011000101
111000110011000111
111000110011001001
111000110011001011
111000110011001101
111000110011001111
111000110011010001
111000110011010011
111000110011010101
111000110011010111
111000110011011001
111000110011011011
111000110011011101
111000110011011111
111000110011100001
111000110011100011
111000110011100101
111000110011100111
111000110011101001
111000110011101011
111000110011101101
111000110011101111
111000110011110001
111000110011110011
111000110011110101
111000110011110111
111000110011111001
111000110011111011
111000110011111101
111000110011111111
111000110100000001
111000110100000011
111000110100000101
111000110100000111
111000110100001001
111000110100001011
111000110100001101
111000110100001111
111000110100010001
111000110100010011
111000110100010101
111000110100010111
111000110100011001
111000110100011011
111000110100011101
111000110100011111
111000110100100001
111000110100100011
111000110100100101
111000110100100111
111000110100101001
111000110100101011
111000110100101101
111000110100101111
111000110100110001
111000110100110011
111000110100110101
111000110100110111
111000110100111001
111000110100111011
111000110100111101
111000110100111111
111000110101000001
111000110101000011
111000110101000101
111000110101000111
111000110101001001
111000110101001011
111000110101001101
111000110101001111
111000110101010001
111000110101010011
111000110101010101
111000110101010111
111000110101011001
111000110101011011
111000110101011101
111000110101011111
111000110101100001
111000110101100011
111000110101100101
111000110101100111
111000110101101001
111000110101101011
111000110101101101
111000110101101111
111000110101110001
111000110101110011
111000110101110101
111000110101110111
111000110101111001
111000110101111011
111000110101111101
111000110101111111
111000110110000001
111000110110000011
111000110110000101
111000110110000111
111000110110001001
111000110110001011
111000110110001101
111000110110001111
111000110110010001
111000110110010011
111000110110010101
111000110110010111
111000110110011001
111000110110011011
111000110110011101
111000110110011111
111000110110100001
111000110110100011
111000110110100101
111000110110100111
111000110110101001
111000110110101011
111000110110101101
111000110110101111
111000110110110001
111000110110110011
111000110110110101
111000110110110111
111000110110111001
111000110110111011
111000110110111101
111000110110111111
111000110111000001
111000110111000011
111000110111000101
111000110111000111
111000110111001001
111000110111001011
111000110111001101
111000110111001111
111000110111010001
111000110111010011
111000110111010101
111000110111010111
111000110111011001
111000110111011011
111000110111011101
111000110111011111
111000110111100001
111000110111100011
111000110111100101
111000110111100111
111000110111101001
111000110111101011
111000110111101101
111000110111101111
111000110111110001
111000110111110011
111000110111110101
111000110111110111
111000110111111001
111000110111111011
111000110111111101
111000110111111111
