100000000000000001
100000000000000001
100000000000000001
101000000000000001
111000000000000001
111000000000000011
111000000000000011
011000000000000011
011000000000000011
011000000000000011
001000000000000011
001000000000000011
001000000000000011
001000000ZZZZZZZZ1
101000000000000001
101010000000000001
101110000000000001
101100000000000001
100000001000000001
100000001000000001
100000001000000001
101000001000000001
111000001000000001
111000001000000011
111000001000000011
011000001000000011
011000001000000011
011000001000000011
001000001000000011
001000001000000011
001000001000000011
001000001ZZZZZZZZ1
101000001000000001
101010001000000001
101110001000000001
101100001000000001