100000110UUUUUUUU1
100000110000000001
100000110000000001
101000110000000001
111000110000000001
111000110000000001
111000100000000001
011000100000000001
011000101000000001
011000111000000001
001000111000000001
001000010000000001
001000110000000001
001000110ZZZZZZZZ1
101000110000000001
101010110000000001
101110110000000001
101100110000000001
100000110000000001
100000110000000001
100000110000000001
101000110000000001
111000110000000001
111000110000000011
111000100000000011
011000100000000011
011000101000000011
011000111000000011
001000111000000011
001000010000000011
001000110000000011
001000110ZZZZZZZZ1
101000110000000011
101010110000000011
101110110000000011
101100110000000011
100000110000000001
100000110000000001
100000110000000001
101000110000000001
111000110000000001
111000110000000101
111000100000000101
011000100000000101
011000101000000101
011000111000000101
001000111000000101
001000010000000101
001000110000000101
001000110ZZZZZZZZ1
101000110000000101
101010110000000101
101110110000000101
101100110000000101
100000110000000001
100000110000000001
100000110000000001
101000110000000001
111000110000000001
111000110000000111
111000100000000111
011000100000000111
011000101000000111
011000111000000111
001000111000000111
001000010000000111
001000110000000111
001000110ZZZZZZZZ1
101000110000000111
101010110000000111
101110110000000111
101100110000000111
100000110000000001
100000110000000001
100000110000000001
101000110000000001
111000110000000001
111000110000001001
111000100000001001
011000100000001001
011000101000001001
011000111000001001
001000111000001001
001000010000001001
001000110000001001
001000110ZZZZZZZZ1
101000110000001001
101010110000001001
101110110000001001
101100110000001001
100000110000000001
100000110000000001
100000110000000001
101000110000000001
111000110000000001
111000110000001011
111000100000001011
011000100000001011
011000101000001011
011000111000001011
001000111000001011
001000010000001011
001000110000001011
001000110ZZZZZZZZ1
101000110000001011
101010110000001011
101110110000001011
101100110000001011
100000110000000001
100000110000000001
100000110000000001
101000110000000001
111000110000000001
111000110000001101
111000100000001101
011000100000001101
011000101000001101
011000111000001101
001000111000001101
001000010000001101
001000110000001101
001000110ZZZZZZZZ1
101000110000001101
101010110000001101
101110110000001101
101100110000001101
100000110000000001
100000110000000001
100000110000000001
101000110000000001
111000110000000001
111000110000001111
111000100000001111
011000100000001111
011000101000001111
011000111000001111
001000111000001111
001000010000001111
001000110000001111
001000110ZZZZZZZZ1
101000110000001111
101010110000001111
101110110000001111
101100110000001111
100000110000000001
100000110000000001
100000110000000001
101000110000000001
111000110000000001
111000110000010001
111000100000010001
011000100000010001
011000101000010001
011000111000010001
001000111000010001
001000010000010001
001000110000010001
001000110ZZZZZZZZ1
101000110000010001
101010110000010001
101110110000010001
101100110000010001
100000110000000001
100000110000000001
100000110000000001
101000110000000001
111000110000000001
111000110000010011
111000100000010011
011000100000010011
011000101000010011
011000111000010011
001000111000010011
001000010000010011
001000110000010011
001000110ZZZZZZZZ1
101000110000010011
101010110000010011
101110110000010011
101100110000010011
100000110000000001
100000110000000001
100000110000000001
101000110000000001
111000110000000001
111000110000010101
111000100000010101
011000100000010101
011000101000010101
011000111000010101
001000111000010101
001000010000010101
001000110000010101
001000110ZZZZZZZZ1
101000110000010101
101010110000010101
101110110000010101
101100110000010101
100000110000000001
100000110000000001
100000110000000001
101000110000000001
111000110000000001
111000110000010111
111000100000010111
011000100000010111
011000101000010111
011000111000010111
001000111000010111
001000010000010111
001000110000010111
001000110ZZZZZZZZ1
101000110000010111
101010110000010111
101110110000010111
101100110000010111
100000110000000001
100000110000000001
100000110000000001
101000110000000001
111000110000000001
111000110000011001
111000100000011001
011000100000011001
011000101000011001
011000111000011001
001000111000011001
001000010000011001
001000110000011001
001000110ZZZZZZZZ1
101000110000011001
101010110000011001
101110110000011001
101100110000011001
100000110000000001
100000110000000001
100000110000000001
101000110000000001
111000110000000001
111000110000011011
111000100000011011
011000100000011011
011000101000011011
011000111000011011
001000111000011011
001000010000011011
001000110000011011
001000110ZZZZZZZZ1
101000110000011011
101010110000011011
101110110000011011
101100110000011011
100000110000000001
100000110000000001
100000110000000001
101000110000000001
111000110000000001
111000110000011101
111000100000011101
011000100000011101
011000101000011101
011000111000011101
001000111000011101
001000010000011101
001000110000011101
001000110ZZZZZZZZ1
101000110000011101
101010110000011101
101110110000011101
101100110000011101
100000110000000001
100000110000000001
100000110000000001
101000110000000001
111000110000000001
111000110000011111
111000100000011111
011000100000011111
011000101000011111
011000111000011111
001000111000011111
001000010000011111
001000110000011111
001000110ZZZZZZZZ1
101000110000011111
101010110000011111
101110110000011111
101100110000011111
100000110000000001
100000110000000001
100000110000000001
101000110000000001
111000110000000001
111000110000100001
111000100000100001
011000100000100001
011000101000100001
011000111000100001
001000111000100001
001000010000100001
001000110000100001
001000110ZZZZZZZZ1
101000110000100001
101010110000100001
101110110000100001
101100110000100001
100000110000000001
100000110000000001
100000110000000001
101000110000000001
111000110000000001
111000110000100011
111000100000100011
011000100000100011
011000101000100011
011000111000100011
001000111000100011
001000010000100011
001000110000100011
001000110ZZZZZZZZ1
101000110000100011
101010110000100011
101110110000100011
101100110000100011
100000110000000001
100000110000000001
100000110000000001
101000110000000001
111000110000000001
111000110000100101
111000100000100101
011000100000100101
011000101000100101
011000111000100101
001000111000100101
001000010000100101
001000110000100101
001000110ZZZZZZZZ1
101000110000100101
101010110000100101
101110110000100101
101100110000100101
100000110000000001
100000110000000001
100000110000000001
101000110000000001
111000110000000001
111000110000100111
111000100000100111
011000100000100111
011000101000100111
011000111000100111
001000111000100111
001000010000100111
001000110000100111
001000110ZZZZZZZZ1
101000110000100111
101010110000100111
101110110000100111
101100110000100111
100000110000000001
100000110000000001
100000110000000001
101000110000000001
111000110000000001
111000110000101001
111000100000101001
011000100000101001
011000101000101001
011000111000101001
001000111000101001
001000010000101001
001000110000101001
001000110ZZZZZZZZ1
101000110000101001
101010110000101001
101110110000101001
101100110000101001
100000110000000001
100000110000000001
100000110000000001
101000110000000001
111000110000000001
111000110000101011
111000100000101011
011000100000101011
011000101000101011
011000111000101011
001000111000101011
001000010000101011
001000110000101011
001000110ZZZZZZZZ1
101000110000101011
101010110000101011
101110110000101011
101100110000101011
100000110000000001
100000110000000001
100000110000000001
101000110000000001
111000110000000001
111000110000101101
111000100000101101
011000100000101101
011000101000101101
011000111000101101
001000111000101101
001000010000101101
001000110000101101
001000110ZZZZZZZZ1
101000110000101101
101010110000101101
101110110000101101
101100110000101101
100000110000000001
100000110000000001
100000110000000001
101000110000000001
111000110000000001
111000110000101111
111000100000101111
011000100000101111
011000101000101111
011000111000101111
001000111000101111
001000010000101111
001000110000101111
001000110ZZZZZZZZ1
101000110000101111
101010110000101111
101110110000101111
101100110000101111
100000110000000001
100000110000000001
100000110000000001
101000110000000001
111000110000000001
111000110000110001
111000100000110001
011000100000110001
011000101000110001
011000111000110001
001000111000110001
001000010000110001
001000110000110001
001000110ZZZZZZZZ1
101000110000110001
101010110000110001
101110110000110001
101100110000110001
100000110000000001
100000110000000001
100000110000000001
101000110000000001
111000110000000001
111000110000110011
111000100000110011
011000100000110011
011000101000110011
011000111000110011
001000111000110011
001000010000110011
001000110000110011
001000110ZZZZZZZZ1
101000110000110011
101010110000110011
101110110000110011
101100110000110011
100000110000000001
100000110000000001
100000110000000001
101000110000000001
111000110000000001
111000110000110101
111000100000110101
011000100000110101
011000101000110101
011000111000110101
001000111000110101
001000010000110101
001000110000110101
001000110ZZZZZZZZ1
101000110000110101
101010110000110101
101110110000110101
101100110000110101
100000110000000001
100000110000000001
100000110000000001
101000110000000001
111000110000000001
111000110000110111
111000100000110111
011000100000110111
011000101000110111
011000111000110111
001000111000110111
001000010000110111
001000110000110111
001000110ZZZZZZZZ1
101000110000110111
101010110000110111
101110110000110111
101100110000110111
100000110000000001
100000110000000001
100000110000000001
101000110000000001
111000110000000001
111000110000111001
111000100000111001
011000100000111001
011000101000111001
011000111000111001
001000111000111001
001000010000111001
001000110000111001
001000110ZZZZZZZZ1
101000110000111001
101010110000111001
101110110000111001
101100110000111001
100000110000000001
100000110000000001
100000110000000001
101000110000000001
111000110000000001
111000110000111011
111000100000111011
011000100000111011
011000101000111011
011000111000111011
001000111000111011
001000010000111011
001000110000111011
001000110ZZZZZZZZ1
101000110000111011
101010110000111011
101110110000111011
101100110000111011
100000110000000001
100000110000000001
100000110000000001
101000110000000001
111000110000000001
111000110000111101
111000100000111101
011000100000111101
011000101000111101
011000111000111101
001000111000111101
001000010000111101
001000110000111101
001000110ZZZZZZZZ1
101000110000111101
101010110000111101
101110110000111101
101100110000111101
100000110000000001
100000110000000001
100000110000000001
101000110000000001
111000110000000001
111000110000111111
111000100000111111
011000100000111111
011000101000111111
011000111000111111
001000111000111111
001000010000111111
001000110000111111
001000110ZZZZZZZZ1
101000110000111111
101010110000111111
101110110000111111
101100110000111111
100000110000000001
100000110000000001
100000110000000001
101000110000000001
111000110000000001
111000110001000001
111000100001000001
011000100001000001
011000101001000001
011000111001000001
001000111001000001
001000010001000001
001000110001000001
001000110ZZZZZZZZ1
101000110001000001
101010110001000001
101110110001000001
101100110001000001
100000110000000001
100000110000000001
100000110000000001
101000110000000001
111000110000000001
111000110001000011
111000100001000011
011000100001000011
011000101001000011
011000111001000011
001000111001000011
001000010001000011
001000110001000011
001000110ZZZZZZZZ1
101000110001000011
101010110001000011
101110110001000011
101100110001000011
100000110000000001
100000110000000001
100000110000000001
101000110000000001
111000110000000001
111000110001000101
111000100001000101
011000100001000101
011000101001000101
011000111001000101
001000111001000101
001000010001000101
001000110001000101
001000110ZZZZZZZZ1
101000110001000101
101010110001000101
101110110001000101
101100110001000101
100000110000000001
100000110000000001
100000110000000001
101000110000000001
111000110000000001
111000110001000111
111000100001000111
011000100001000111
011000101001000111
011000111001000111
001000111001000111
001000010001000111
001000110001000111
001000110ZZZZZZZZ1
101000110001000111
101010110001000111
101110110001000111
101100110001000111
100000110000000001
100000110000000001
100000110000000001
101000110000000001
111000110000000001
111000110001001001
111000100001001001
011000100001001001
011000101001001001
011000111001001001
001000111001001001
001000010001001001
001000110001001001
001000110ZZZZZZZZ1
101000110001001001
101010110001001001
101110110001001001
101100110001001001
100000110000000001
100000110000000001
100000110000000001
101000110000000001
111000110000000001
111000110001001011
111000100001001011
011000100001001011
011000101001001011
011000111001001011
001000111001001011
001000010001001011
001000110001001011
001000110ZZZZZZZZ1
101000110001001011
101010110001001011
101110110001001011
101100110001001011
100000110000000001
100000110000000001
100000110000000001
101000110000000001
111000110000000001
111000110001001101
111000100001001101
011000100001001101
011000101001001101
011000111001001101
001000111001001101
001000010001001101
001000110001001101
001000110ZZZZZZZZ1
101000110001001101
101010110001001101
101110110001001101
101100110001001101
100000110000000001
100000110000000001
100000110000000001
101000110000000001
111000110000000001
111000110001001111
111000100001001111
011000100001001111
011000101001001111
011000111001001111
001000111001001111
001000010001001111
001000110001001111
001000110ZZZZZZZZ1
101000110001001111
101010110001001111
101110110001001111
101100110001001111
100000110000000001
100000110000000001
100000110000000001
101000110000000001
111000110000000001
111000110001010001
111000100001010001
011000100001010001
011000101001010001
011000111001010001
001000111001010001
001000010001010001
001000110001010001
001000110ZZZZZZZZ1
101000110001010001
101010110001010001
101110110001010001
101100110001010001
100000110000000001
100000110000000001
100000110000000001
101000110000000001
111000110000000001
111000110001010011
111000100001010011
011000100001010011
011000101001010011
011000111001010011
001000111001010011
001000010001010011
001000110001010011
001000110ZZZZZZZZ1
101000110001010011
101010110001010011
101110110001010011
101100110001010011
100000110000000001
100000110000000001
100000110000000001
101000110000000001
111000110000000001
111000110001010101
111000100001010101
011000100001010101
011000101001010101
011000111001010101
001000111001010101
001000010001010101
001000110001010101
001000110ZZZZZZZZ1
101000110001010101
101010110001010101
101110110001010101
101100110001010101
100000110000000001
100000110000000001
100000110000000001
101000110000000001
111000110000000001
111000110001010111
111000100001010111
011000100001010111
011000101001010111
011000111001010111
001000111001010111
001000010001010111
001000110001010111
001000110ZZZZZZZZ1
101000110001010111
101010110001010111
101110110001010111
101100110001010111
100000110000000001
100000110000000001
100000110000000001
101000110000000001
111000110000000001
111000110001011001
111000100001011001
011000100001011001
011000101001011001
011000111001011001
001000111001011001
001000010001011001
001000110001011001
001000110ZZZZZZZZ1
101000110001011001
101010110001011001
101110110001011001
101100110001011001
100000110000000001
100000110000000001
100000110000000001
101000110000000001
111000110000000001
111000110001011011
111000100001011011
011000100001011011
011000101001011011
011000111001011011
001000111001011011
001000010001011011
001000110001011011
001000110ZZZZZZZZ1
101000110001011011
101010110001011011
101110110001011011
101100110001011011
100000110000000001
100000110000000001
100000110000000001
101000110000000001
111000110000000001
111000110001011101
111000100001011101
011000100001011101
011000101001011101
011000111001011101
001000111001011101
001000010001011101
001000110001011101
001000110ZZZZZZZZ1
101000110001011101
101010110001011101
101110110001011101
101100110001011101
100000110000000001
100000110000000001
100000110000000001
101000110000000001
111000110000000001
111000110001011111
111000100001011111
011000100001011111
011000101001011111
011000111001011111
001000111001011111
001000010001011111
001000110001011111
001000110ZZZZZZZZ1
101000110001011111
101010110001011111
101110110001011111
101100110001011111
100000110000000001
100000110000000001
100000110000000001
101000110000000001
111000110000000001
111000110001100001
111000100001100001
011000100001100001
011000101001100001
011000111001100001
001000111001100001
001000010001100001
001000110001100001
001000110ZZZZZZZZ1
101000110001100001
101010110001100001
101110110001100001
101100110001100001
100000110000000001
100000110000000001
100000110000000001
101000110000000001
111000110000000001
111000110001100011
111000100001100011
011000100001100011
011000101001100011
011000111001100011
001000111001100011
001000010001100011
001000110001100011
001000110ZZZZZZZZ1
101000110001100011
101010110001100011
101110110001100011
101100110001100011
100000110000000001
100000110000000001
100000110000000001
101000110000000001
111000110000000001
111000110001100101
111000100001100101
011000100001100101
011000101001100101
011000111001100101
001000111001100101
001000010001100101
001000110001100101
001000110ZZZZZZZZ1
101000110001100101
101010110001100101
101110110001100101
101100110001100101
100000110000000001
100000110000000001
100000110000000001
101000110000000001
111000110000000001
111000110001100111
111000100001100111
011000100001100111
011000101001100111
011000111001100111
001000111001100111
001000010001100111
001000110001100111
001000110ZZZZZZZZ1
101000110001100111
101010110001100111
101110110001100111
101100110001100111
100000110000000001
100000110000000001
100000110000000001
101000110000000001
111000110000000001
111000110001101001
111000100001101001
011000100001101001
011000101001101001
011000111001101001
001000111001101001
001000010001101001
001000110001101001
001000110ZZZZZZZZ1
101000110001101001
101010110001101001
101110110001101001
101100110001101001
100000110000000001
100000110000000001
100000110000000001
101000110000000001
111000110000000001
111000110001101011
111000100001101011
011000100001101011
011000101001101011
011000111001101011
001000111001101011
001000010001101011
001000110001101011
001000110ZZZZZZZZ1
101000110001101011
101010110001101011
101110110001101011
101100110001101011
100000110000000001
100000110000000001
100000110000000001
101000110000000001
111000110000000001
111000110001101101
111000100001101101
011000100001101101
011000101001101101
011000111001101101
001000111001101101
001000010001101101
001000110001101101
001000110ZZZZZZZZ1
101000110001101101
101010110001101101
101110110001101101
101100110001101101
100000110000000001
100000110000000001
100000110000000001
101000110000000001
111000110000000001
111000110001101111
111000100001101111
011000100001101111
011000101001101111
011000111001101111
001000111001101111
001000010001101111
001000110001101111
001000110ZZZZZZZZ1
101000110001101111
101010110001101111
101110110001101111
101100110001101111
100000110000000001
100000110000000001
100000110000000001
101000110000000001
111000110000000001
111000110001110001
111000100001110001
011000100001110001
011000101001110001
011000111001110001
001000111001110001
001000010001110001
001000110001110001
001000110ZZZZZZZZ1
101000110001110001
101010110001110001
101110110001110001
101100110001110001
100000110000000001
100000110000000001
100000110000000001
101000110000000001
111000110000000001
111000110001110011
111000100001110011
011000100001110011
011000101001110011
011000111001110011
001000111001110011
001000010001110011
001000110001110011
001000110ZZZZZZZZ1
101000110001110011
101010110001110011
101110110001110011
101100110001110011
100000110000000001
100000110000000001
100000110000000001
101000110000000001
111000110000000001
111000110001110101
111000100001110101
011000100001110101
011000101001110101
011000111001110101
001000111001110101
001000010001110101
001000110001110101
001000110ZZZZZZZZ1
101000110001110101
101010110001110101
101110110001110101
101100110001110101
100000110000000001
100000110000000001
100000110000000001
101000110000000001
111000110000000001
111000110001110111
111000100001110111
011000100001110111
011000101001110111
011000111001110111
001000111001110111
001000010001110111
001000110001110111
001000110ZZZZZZZZ1
101000110001110111
101010110001110111
101110110001110111
101100110001110111
100000110000000001
100000110000000001
100000110000000001
101000110000000001
111000110000000001
111000110001111001
111000100001111001
011000100001111001
011000101001111001
011000111001111001
001000111001111001
001000010001111001
001000110001111001
001000110ZZZZZZZZ1
101000110001111001
101010110001111001
101110110001111001
101100110001111001
100000110000000001
100000110000000001
100000110000000001
101000110000000001
111000110000000001
111000110001111011
111000100001111011
011000100001111011
011000101001111011
011000111001111011
001000111001111011
001000010001111011
001000110001111011
001000110ZZZZZZZZ1
101000110001111011
101010110001111011
101110110001111011
101100110001111011
100000110000000001
100000110000000001
100000110000000001
101000110000000001
111000110000000001
111000110001111101
111000100001111101
011000100001111101
011000101001111101
011000111001111101
001000111001111101
001000010001111101
001000110001111101
001000110ZZZZZZZZ1
101000110001111101
101010110001111101
101110110001111101
101100110001111101
100000110000000001
100000110000000001
100000110000000001
101000110000000001
111000110000000001
111000110001111111
111000100001111111
011000100001111111
011000101001111111
011000111001111111
001000111001111111
001000010001111111
001000110001111111
001000110ZZZZZZZZ1
101000110001111111
101010110001111111
101110110001111111
101100110001111111
100000110000000001
100000110000000001
100000110000000001
101000110000000001
111000110000000001
111000110010000001
111000100010000001
011000100010000001
011000101010000001
011000111010000001
001000111010000001
001000010010000001
001000110010000001
001000110ZZZZZZZZ1
101000110010000001
101010110010000001
101110110010000001
101100110010000001
100000110000000001
100000110000000001
100000110000000001
101000110000000001
111000110000000001
111000110010000011
111000100010000011
011000100010000011
011000101010000011
011000111010000011
001000111010000011
001000010010000011
001000110010000011
001000110ZZZZZZZZ1
101000110010000011
101010110010000011
101110110010000011
101100110010000011
100000110000000001
100000110000000001
100000110000000001
101000110000000001
111000110000000001
111000110010000101
111000100010000101
011000100010000101
011000101010000101
011000111010000101
001000111010000101
001000010010000101
001000110010000101
001000110ZZZZZZZZ1
101000110010000101
101010110010000101
101110110010000101
101100110010000101
100000110000000001
100000110000000001
100000110000000001
101000110000000001
111000110000000001
111000110010000111
111000100010000111
011000100010000111
011000101010000111
011000111010000111
001000111010000111
001000010010000111
001000110010000111
001000110ZZZZZZZZ1
101000110010000111
101010110010000111
101110110010000111
101100110010000111
100000110000000001
100000110000000001
100000110000000001
101000110000000001
111000110000000001
111000110010001001
111000100010001001
011000100010001001
011000101010001001
011000111010001001
001000111010001001
001000010010001001
001000110010001001
001000110ZZZZZZZZ1
101000110010001001
101010110010001001
101110110010001001
101100110010001001
100000110000000001
100000110000000001
100000110000000001
101000110000000001
111000110000000001
111000110010001011
111000100010001011
011000100010001011
011000101010001011
011000111010001011
001000111010001011
001000010010001011
001000110010001011
001000110ZZZZZZZZ1
101000110010001011
101010110010001011
101110110010001011
101100110010001011
100000110000000001
100000110000000001
100000110000000001
101000110000000001
111000110000000001
111000110010001101
111000100010001101
011000100010001101
011000101010001101
011000111010001101
001000111010001101
001000010010001101
001000110010001101
001000110ZZZZZZZZ1
101000110010001101
101010110010001101
101110110010001101
101100110010001101
100000110000000001
100000110000000001
100000110000000001
101000110000000001
111000110000000001
111000110010001111
111000100010001111
011000100010001111
011000101010001111
011000111010001111
001000111010001111
001000010010001111
001000110010001111
001000110ZZZZZZZZ1
101000110010001111
101010110010001111
101110110010001111
101100110010001111
100000110000000001
100000110000000001
100000110000000001
101000110000000001
111000110000000001
111000110010010001
111000100010010001
011000100010010001
011000101010010001
011000111010010001
001000111010010001
001000010010010001
001000110010010001
001000110ZZZZZZZZ1
101000110010010001
101010110010010001
101110110010010001
101100110010010001
100000110000000001
100000110000000001
100000110000000001
101000110000000001
111000110000000001
111000110010010011
111000100010010011
011000100010010011
011000101010010011
011000111010010011
001000111010010011
001000010010010011
001000110010010011
001000110ZZZZZZZZ1
101000110010010011
101010110010010011
101110110010010011
101100110010010011
100000110000000001
100000110000000001
100000110000000001
101000110000000001
111000110000000001
111000110010010101
111000100010010101
011000100010010101
011000101010010101
011000111010010101
001000111010010101
001000010010010101
001000110010010101
001000110ZZZZZZZZ1
101000110010010101
101010110010010101
101110110010010101
101100110010010101
100000110000000001
100000110000000001
100000110000000001
101000110000000001
111000110000000001
111000110010010111
111000100010010111
011000100010010111
011000101010010111
011000111010010111
001000111010010111
001000010010010111
001000110010010111
001000110ZZZZZZZZ1
101000110010010111
101010110010010111
101110110010010111
101100110010010111
100000110000000001
100000110000000001
100000110000000001
101000110000000001
111000110000000001
111000110010011001
111000100010011001
011000100010011001
011000101010011001
011000111010011001
001000111010011001
001000010010011001
001000110010011001
001000110ZZZZZZZZ1
101000110010011001
101010110010011001
101110110010011001
101100110010011001
100000110000000001
100000110000000001
100000110000000001
101000110000000001
111000110000000001
111000110010011011
111000100010011011
011000100010011011
011000101010011011
011000111010011011
001000111010011011
001000010010011011
001000110010011011
001000110ZZZZZZZZ1
101000110010011011
101010110010011011
101110110010011011
101100110010011011
100000110000000001
100000110000000001
100000110000000001
101000110000000001
111000110000000001
111000110010011101
111000100010011101
011000100010011101
011000101010011101
011000111010011101
001000111010011101
001000010010011101
001000110010011101
001000110ZZZZZZZZ1
101000110010011101
101010110010011101
101110110010011101
101100110010011101
100000110000000001
100000110000000001
100000110000000001
101000110000000001
111000110000000001
111000110010011111
111000100010011111
011000100010011111
011000101010011111
011000111010011111
001000111010011111
001000010010011111
001000110010011111
001000110ZZZZZZZZ1
101000110010011111
101010110010011111
101110110010011111
101100110010011111
100000110000000001
100000110000000001
100000110000000001
101000110000000001
111000110000000001
111000110010100001
111000100010100001
011000100010100001
011000101010100001
011000111010100001
001000111010100001
001000010010100001
001000110010100001
001000110ZZZZZZZZ1
101000110010100001
101010110010100001
101110110010100001
101100110010100001
100000110000000001
100000110000000001
100000110000000001
101000110000000001
111000110000000001
111000110010100011
111000100010100011
011000100010100011
011000101010100011
011000111010100011
001000111010100011
001000010010100011
001000110010100011
001000110ZZZZZZZZ1
101000110010100011
101010110010100011
101110110010100011
101100110010100011
100000110000000001
100000110000000001
100000110000000001
101000110000000001
111000110000000001
111000110010100101
111000100010100101
011000100010100101
011000101010100101
011000111010100101
001000111010100101
001000010010100101
001000110010100101
001000110ZZZZZZZZ1
101000110010100101
101010110010100101
101110110010100101
101100110010100101
100000110000000001
100000110000000001
100000110000000001
101000110000000001
111000110000000001
111000110010100111
111000100010100111
011000100010100111
011000101010100111
011000111010100111
001000111010100111
001000010010100111
001000110010100111
001000110ZZZZZZZZ1
101000110010100111
101010110010100111
101110110010100111
101100110010100111
100000110000000001
100000110000000001
100000110000000001
101000110000000001
111000110000000001
111000110010101001
111000100010101001
011000100010101001
011000101010101001
011000111010101001
001000111010101001
001000010010101001
001000110010101001
001000110ZZZZZZZZ1
101000110010101001
101010110010101001
101110110010101001
101100110010101001
100000110000000001
100000110000000001
100000110000000001
101000110000000001
111000110000000001
111000110010101011
111000100010101011
011000100010101011
011000101010101011
011000111010101011
001000111010101011
001000010010101011
001000110010101011
001000110ZZZZZZZZ1
101000110010101011
101010110010101011
101110110010101011
101100110010101011
100000110000000001
100000110000000001
100000110000000001
101000110000000001
111000110000000001
111000110010101101
111000100010101101
011000100010101101
011000101010101101
011000111010101101
001000111010101101
001000010010101101
001000110010101101
001000110ZZZZZZZZ1
101000110010101101
101010110010101101
101110110010101101
101100110010101101
100000110000000001
100000110000000001
100000110000000001
101000110000000001
111000110000000001
111000110010101111
111000100010101111
011000100010101111
011000101010101111
011000111010101111
001000111010101111
001000010010101111
001000110010101111
001000110ZZZZZZZZ1
101000110010101111
101010110010101111
101110110010101111
101100110010101111
100000110000000001
100000110000000001
100000110000000001
101000110000000001
111000110000000001
111000110010110001
111000100010110001
011000100010110001
011000101010110001
011000111010110001
001000111010110001
001000010010110001
001000110010110001
001000110ZZZZZZZZ1
101000110010110001
101010110010110001
101110110010110001
101100110010110001
100000110000000001
100000110000000001
100000110000000001
101000110000000001
111000110000000001
111000110010110011
111000100010110011
011000100010110011
011000101010110011
011000111010110011
001000111010110011
001000010010110011
001000110010110011
001000110ZZZZZZZZ1
101000110010110011
101010110010110011
101110110010110011
101100110010110011
100000110000000001
100000110000000001
100000110000000001
101000110000000001
111000110000000001
111000110010110101
111000100010110101
011000100010110101
011000101010110101
011000111010110101
001000111010110101
001000010010110101
001000110010110101
001000110ZZZZZZZZ1
101000110010110101
101010110010110101
101110110010110101
101100110010110101
100000110000000001
100000110000000001
100000110000000001
101000110000000001
111000110000000001
111000110010110111
111000100010110111
011000100010110111
011000101010110111
011000111010110111
001000111010110111
001000010010110111
001000110010110111
001000110ZZZZZZZZ1
101000110010110111
101010110010110111
101110110010110111
101100110010110111
100000110000000001
100000110000000001
100000110000000001
101000110000000001
111000110000000001
111000110010111001
111000100010111001
011000100010111001
011000101010111001
011000111010111001
001000111010111001
001000010010111001
001000110010111001
001000110ZZZZZZZZ1
101000110010111001
101010110010111001
101110110010111001
101100110010111001
100000110000000001
100000110000000001
100000110000000001
101000110000000001
111000110000000001
111000110010111011
111000100010111011
011000100010111011
011000101010111011
011000111010111011
001000111010111011
001000010010111011
001000110010111011
001000110ZZZZZZZZ1
101000110010111011
101010110010111011
101110110010111011
101100110010111011
100000110000000001
100000110000000001
100000110000000001
101000110000000001
111000110000000001
111000110010111101
111000100010111101
011000100010111101
011000101010111101
011000111010111101
001000111010111101
001000010010111101
001000110010111101
001000110ZZZZZZZZ1
101000110010111101
101010110010111101
101110110010111101
101100110010111101
100000110000000001
100000110000000001
100000110000000001
101000110000000001
111000110000000001
111000110010111111
111000100010111111
011000100010111111
011000101010111111
011000111010111111
001000111010111111
001000010010111111
001000110010111111
001000110ZZZZZZZZ1
101000110010111111
101010110010111111
101110110010111111
101100110010111111
100000110000000001
100000110000000001
100000110000000001
101000110000000001
111000110000000001
111000110011000001
111000100011000001
011000100011000001
011000101011000001
011000111011000001
001000111011000001
001000010011000001
001000110011000001
001000110ZZZZZZZZ1
101000110011000001
101010110011000001
101110110011000001
101100110011000001
100000110000000001
100000110000000001
100000110000000001
101000110000000001
111000110000000001
111000110011000011
111000100011000011
011000100011000011
011000101011000011
011000111011000011
001000111011000011
001000010011000011
001000110011000011
001000110ZZZZZZZZ1
101000110011000011
101010110011000011
101110110011000011
101100110011000011
100000110000000001
100000110000000001
100000110000000001
101000110000000001
111000110000000001
111000110011000101
111000100011000101
011000100011000101
011000101011000101
011000111011000101
001000111011000101
001000010011000101
001000110011000101
001000110ZZZZZZZZ1
101000110011000101
101010110011000101
101110110011000101
101100110011000101
100000110000000001
100000110000000001
100000110000000001
101000110000000001
111000110000000001
111000110011000111
111000100011000111
011000100011000111
011000101011000111
011000111011000111
001000111011000111
001000010011000111
001000110011000111
001000110ZZZZZZZZ1
101000110011000111
101010110011000111
101110110011000111
101100110011000111
100000110000000001
100000110000000001
100000110000000001
101000110000000001
111000110000000001
111000110011001001
111000100011001001
011000100011001001
011000101011001001
011000111011001001
001000111011001001
001000010011001001
001000110011001001
001000110ZZZZZZZZ1
101000110011001001
101010110011001001
101110110011001001
101100110011001001
100000110000000001
100000110000000001
100000110000000001
101000110000000001
111000110000000001
111000110011001011
111000100011001011
011000100011001011
011000101011001011
011000111011001011
001000111011001011
001000010011001011
001000110011001011
001000110ZZZZZZZZ1
101000110011001011
101010110011001011
101110110011001011
101100110011001011
100000110000000001
100000110000000001
100000110000000001
101000110000000001
111000110000000001
111000110011001101
111000100011001101
011000100011001101
011000101011001101
011000111011001101
001000111011001101
001000010011001101
001000110011001101
001000110ZZZZZZZZ1
101000110011001101
101010110011001101
101110110011001101
101100110011001101
100000110000000001
100000110000000001
100000110000000001
101000110000000001
111000110000000001
111000110011001111
111000100011001111
011000100011001111
011000101011001111
011000111011001111
001000111011001111
001000010011001111
001000110011001111
001000110ZZZZZZZZ1
101000110011001111
101010110011001111
101110110011001111
101100110011001111
100000110000000001
100000110000000001
100000110000000001
101000110000000001
111000110000000001
111000110011010001
111000100011010001
011000100011010001
011000101011010001
011000111011010001
001000111011010001
001000010011010001
001000110011010001
001000110ZZZZZZZZ1
101000110011010001
101010110011010001
101110110011010001
101100110011010001
100000110000000001
100000110000000001
100000110000000001
101000110000000001
111000110000000001
111000110011010011
111000100011010011
011000100011010011
011000101011010011
011000111011010011
001000111011010011
001000010011010011
001000110011010011
001000110ZZZZZZZZ1
101000110011010011
101010110011010011
101110110011010011
101100110011010011
100000110000000001
100000110000000001
100000110000000001
101000110000000001
111000110000000001
111000110011010101
111000100011010101
011000100011010101
011000101011010101
011000111011010101
001000111011010101
001000010011010101
001000110011010101
001000110ZZZZZZZZ1
101000110011010101
101010110011010101
101110110011010101
101100110011010101
100000110000000001
100000110000000001
100000110000000001
101000110000000001
111000110000000001
111000110011010111
111000100011010111
011000100011010111
011000101011010111
011000111011010111
001000111011010111
001000010011010111
001000110011010111
001000110ZZZZZZZZ1
101000110011010111
101010110011010111
101110110011010111
101100110011010111
100000110000000001
100000110000000001
100000110000000001
101000110000000001
111000110000000001
111000110011011001
111000100011011001
011000100011011001
011000101011011001
011000111011011001
001000111011011001
001000010011011001
001000110011011001
001000110ZZZZZZZZ1
101000110011011001
101010110011011001
101110110011011001
101100110011011001
100000110000000001
100000110000000001
100000110000000001
101000110000000001
111000110000000001
111000110011011011
111000100011011011
011000100011011011
011000101011011011
011000111011011011
001000111011011011
001000010011011011
001000110011011011
001000110ZZZZZZZZ1
101000110011011011
101010110011011011
101110110011011011
101100110011011011
100000110000000001
100000110000000001
100000110000000001
101000110000000001
111000110000000001
111000110011011101
111000100011011101
011000100011011101
011000101011011101
011000111011011101
001000111011011101
001000010011011101
001000110011011101
001000110ZZZZZZZZ1
101000110011011101
101010110011011101
101110110011011101
101100110011011101
100000110000000001
100000110000000001
100000110000000001
101000110000000001
111000110000000001
111000110011011111
111000100011011111
011000100011011111
011000101011011111
011000111011011111
001000111011011111
001000010011011111
001000110011011111
001000110ZZZZZZZZ1
101000110011011111
101010110011011111
101110110011011111
101100110011011111
100000110000000001
100000110000000001
100000110000000001
101000110000000001
111000110000000001
111000110011100001
111000100011100001
011000100011100001
011000101011100001
011000111011100001
001000111011100001
001000010011100001
001000110011100001
001000110ZZZZZZZZ1
101000110011100001
101010110011100001
101110110011100001
101100110011100001
100000110000000001
100000110000000001
100000110000000001
101000110000000001
111000110000000001
111000110011100011
111000100011100011
011000100011100011
011000101011100011
011000111011100011
001000111011100011
001000010011100011
001000110011100011
001000110ZZZZZZZZ1
101000110011100011
101010110011100011
101110110011100011
101100110011100011
100000110000000001
100000110000000001
100000110000000001
101000110000000001
111000110000000001
111000110011100101
111000100011100101
011000100011100101
011000101011100101
011000111011100101
001000111011100101
001000010011100101
001000110011100101
001000110ZZZZZZZZ1
101000110011100101
101010110011100101
101110110011100101
101100110011100101
100000110000000001
100000110000000001
100000110000000001
101000110000000001
111000110000000001
111000110011100111
111000100011100111
011000100011100111
011000101011100111
011000111011100111
001000111011100111
001000010011100111
001000110011100111
001000110ZZZZZZZZ1
101000110011100111
101010110011100111
101110110011100111
101100110011100111
100000110000000001
100000110000000001
100000110000000001
101000110000000001
111000110000000001
111000110011101001
111000100011101001
011000100011101001
011000101011101001
011000111011101001
001000111011101001
001000010011101001
001000110011101001
001000110ZZZZZZZZ1
101000110011101001
101010110011101001
101110110011101001
101100110011101001
100000110000000001
100000110000000001
100000110000000001
101000110000000001
111000110000000001
111000110011101011
111000100011101011
011000100011101011
011000101011101011
011000111011101011
001000111011101011
001000010011101011
001000110011101011
001000110ZZZZZZZZ1
101000110011101011
101010110011101011
101110110011101011
101100110011101011
100000110000000001
100000110000000001
100000110000000001
101000110000000001
111000110000000001
111000110011101101
111000100011101101
011000100011101101
011000101011101101
011000111011101101
001000111011101101
001000010011101101
001000110011101101
001000110ZZZZZZZZ1
101000110011101101
101010110011101101
101110110011101101
101100110011101101
100000110000000001
100000110000000001
100000110000000001
101000110000000001
111000110000000001
111000110011101111
111000100011101111
011000100011101111
011000101011101111
011000111011101111
001000111011101111
001000010011101111
001000110011101111
001000110ZZZZZZZZ1
101000110011101111
101010110011101111
101110110011101111
101100110011101111
100000110000000001
100000110000000001
100000110000000001
101000110000000001
111000110000000001
111000110011110001
111000100011110001
011000100011110001
011000101011110001
011000111011110001
001000111011110001
001000010011110001
001000110011110001
001000110ZZZZZZZZ1
101000110011110001
101010110011110001
101110110011110001
101100110011110001
100000110000000001
100000110000000001
100000110000000001
101000110000000001
111000110000000001
111000110011110011
111000100011110011
011000100011110011
011000101011110011
011000111011110011
001000111011110011
001000010011110011
001000110011110011
001000110ZZZZZZZZ1
101000110011110011
101010110011110011
101110110011110011
101100110011110011
100000110000000001
100000110000000001
100000110000000001
101000110000000001
111000110000000001
111000110011110101
111000100011110101
011000100011110101
011000101011110101
011000111011110101
001000111011110101
001000010011110101
001000110011110101
001000110ZZZZZZZZ1
101000110011110101
101010110011110101
101110110011110101
101100110011110101
100000110000000001
100000110000000001
100000110000000001
101000110000000001
111000110000000001
111000110011110111
111000100011110111
011000100011110111
011000101011110111
011000111011110111
001000111011110111
001000010011110111
001000110011110111
001000110ZZZZZZZZ1
101000110011110111
101010110011110111
101110110011110111
101100110011110111
100000110000000001
100000110000000001
100000110000000001
101000110000000001
111000110000000001
111000110011111001
111000100011111001
011000100011111001
011000101011111001
011000111011111001
001000111011111001
001000010011111001
001000110011111001
001000110ZZZZZZZZ1
101000110011111001
101010110011111001
101110110011111001
101100110011111001
100000110000000001
100000110000000001
100000110000000001
101000110000000001
111000110000000001
111000110011111011
111000100011111011
011000100011111011
011000101011111011
011000111011111011
001000111011111011
001000010011111011
001000110011111011
001000110ZZZZZZZZ1
101000110011111011
101010110011111011
101110110011111011
101100110011111011
100000110000000001
100000110000000001
100000110000000001
101000110000000001
111000110000000001
111000110011111101
111000100011111101
011000100011111101
011000101011111101
011000111011111101
001000111011111101
001000010011111101
001000110011111101
001000110ZZZZZZZZ1
101000110011111101
101010110011111101
101110110011111101
101100110011111101
100000110000000001
100000110000000001
100000110000000001
101000110000000001
111000110000000001
111000110011111111
111000100011111111
011000100011111111
011000101011111111
011000111011111111
001000111011111111
001000010011111111
001000110011111111
001000110ZZZZZZZZ1
101000110011111111
101010110011111111
101110110011111111
101100110011111111
100000110000000001
100000110000000001
100000110000000001
101000110000000001
111000110000000001
111000110100000001
111000100100000001
011000100100000001
011000101100000001
011000111100000001
001000111100000001
001000010100000001
001000110100000001
001000110ZZZZZZZZ1
101000110100000001
101010110100000001
101110110100000001
101100110100000001
100000110000000001
100000110000000001
100000110000000001
101000110000000001
111000110000000001
111000110100000011
111000100100000011
011000100100000011
011000101100000011
011000111100000011
001000111100000011
001000010100000011
001000110100000011
001000110ZZZZZZZZ1
101000110100000011
101010110100000011
101110110100000011
101100110100000011
100000110000000001
100000110000000001
100000110000000001
101000110000000001
111000110000000001
111000110100000101
111000100100000101
011000100100000101
011000101100000101
011000111100000101
001000111100000101
001000010100000101
001000110100000101
001000110ZZZZZZZZ1
101000110100000101
101010110100000101
101110110100000101
101100110100000101
100000110000000001
100000110000000001
100000110000000001
101000110000000001
111000110000000001
111000110100000111
111000100100000111
011000100100000111
011000101100000111
011000111100000111
001000111100000111
001000010100000111
001000110100000111
001000110ZZZZZZZZ1
101000110100000111
101010110100000111
101110110100000111
101100110100000111
100000110000000001
100000110000000001
100000110000000001
101000110000000001
111000110000000001
111000110100001001
111000100100001001
011000100100001001
011000101100001001
011000111100001001
001000111100001001
001000010100001001
001000110100001001
001000110ZZZZZZZZ1
101000110100001001
101010110100001001
101110110100001001
101100110100001001
100000110000000001
100000110000000001
100000110000000001
101000110000000001
111000110000000001
111000110100001011
111000100100001011
011000100100001011
011000101100001011
011000111100001011
001000111100001011
001000010100001011
001000110100001011
001000110ZZZZZZZZ1
101000110100001011
101010110100001011
101110110100001011
101100110100001011
100000110000000001
100000110000000001
100000110000000001
101000110000000001
111000110000000001
111000110100001101
111000100100001101
011000100100001101
011000101100001101
011000111100001101
001000111100001101
001000010100001101
001000110100001101
001000110ZZZZZZZZ1
101000110100001101
101010110100001101
101110110100001101
101100110100001101
100000110000000001
100000110000000001
100000110000000001
101000110000000001
111000110000000001
111000110100001111
111000100100001111
011000100100001111
011000101100001111
011000111100001111
001000111100001111
001000010100001111
001000110100001111
001000110ZZZZZZZZ1
101000110100001111
101010110100001111
101110110100001111
101100110100001111
100000110000000001
100000110000000001
100000110000000001
101000110000000001
111000110000000001
111000110100010001
111000100100010001
011000100100010001
011000101100010001
011000111100010001
001000111100010001
001000010100010001
001000110100010001
001000110ZZZZZZZZ1
101000110100010001
101010110100010001
101110110100010001
101100110100010001
100000110000000001
100000110000000001
100000110000000001
101000110000000001
111000110000000001
111000110100010011
111000100100010011
011000100100010011
011000101100010011
011000111100010011
001000111100010011
001000010100010011
001000110100010011
001000110ZZZZZZZZ1
101000110100010011
101010110100010011
101110110100010011
101100110100010011
100000110000000001
100000110000000001
100000110000000001
101000110000000001
111000110000000001
111000110100010101
111000100100010101
011000100100010101
011000101100010101
011000111100010101
001000111100010101
001000010100010101
001000110100010101
001000110ZZZZZZZZ1
101000110100010101
101010110100010101
101110110100010101
101100110100010101
100000110000000001
100000110000000001
100000110000000001
101000110000000001
111000110000000001
111000110100010111
111000100100010111
011000100100010111
011000101100010111
011000111100010111
001000111100010111
001000010100010111
001000110100010111
001000110ZZZZZZZZ1
101000110100010111
101010110100010111
101110110100010111
101100110100010111
100000110000000001
100000110000000001
100000110000000001
101000110000000001
111000110000000001
111000110100011001
111000100100011001
011000100100011001
011000101100011001
011000111100011001
001000111100011001
001000010100011001
001000110100011001
001000110ZZZZZZZZ1
101000110100011001
101010110100011001
101110110100011001
101100110100011001
100000110000000001
100000110000000001
100000110000000001
101000110000000001
111000110000000001
111000110100011011
111000100100011011
011000100100011011
011000101100011011
011000111100011011
001000111100011011
001000010100011011
001000110100011011
001000110ZZZZZZZZ1
101000110100011011
101010110100011011
101110110100011011
101100110100011011
100000110000000001
100000110000000001
100000110000000001
101000110000000001
111000110000000001
111000110100011101
111000100100011101
011000100100011101
011000101100011101
011000111100011101
001000111100011101
001000010100011101
001000110100011101
001000110ZZZZZZZZ1
101000110100011101
101010110100011101
101110110100011101
101100110100011101
100000110000000001
100000110000000001
100000110000000001
101000110000000001
111000110000000001
111000110100011111
111000100100011111
011000100100011111
011000101100011111
011000111100011111
001000111100011111
001000010100011111
001000110100011111
001000110ZZZZZZZZ1
101000110100011111
101010110100011111
101110110100011111
101100110100011111
100000110000000001
100000110000000001
100000110000000001
101000110000000001
111000110000000001
111000110100100001
111000100100100001
011000100100100001
011000101100100001
011000111100100001
001000111100100001
001000010100100001
001000110100100001
001000110ZZZZZZZZ1
101000110100100001
101010110100100001
101110110100100001
101100110100100001
100000110000000001
100000110000000001
100000110000000001
101000110000000001
111000110000000001
111000110100100011
111000100100100011
011000100100100011
011000101100100011
011000111100100011
001000111100100011
001000010100100011
001000110100100011
001000110ZZZZZZZZ1
101000110100100011
101010110100100011
101110110100100011
101100110100100011
100000110000000001
100000110000000001
100000110000000001
101000110000000001
111000110000000001
111000110100100101
111000100100100101
011000100100100101
011000101100100101
011000111100100101
001000111100100101
001000010100100101
001000110100100101
001000110ZZZZZZZZ1
101000110100100101
101010110100100101
101110110100100101
101100110100100101
100000110000000001
100000110000000001
100000110000000001
101000110000000001
111000110000000001
111000110100100111
111000100100100111
011000100100100111
011000101100100111
011000111100100111
001000111100100111
001000010100100111
001000110100100111
001000110ZZZZZZZZ1
101000110100100111
101010110100100111
101110110100100111
101100110100100111
100000110000000001
100000110000000001
100000110000000001
101000110000000001
111000110000000001
111000110100101001
111000100100101001
011000100100101001
011000101100101001
011000111100101001
001000111100101001
001000010100101001
001000110100101001
001000110ZZZZZZZZ1
101000110100101001
101010110100101001
101110110100101001
101100110100101001
100000110000000001
100000110000000001
100000110000000001
101000110000000001
111000110000000001
111000110100101011
111000100100101011
011000100100101011
011000101100101011
011000111100101011
001000111100101011
001000010100101011
001000110100101011
001000110ZZZZZZZZ1
101000110100101011
101010110100101011
101110110100101011
101100110100101011
100000110000000001
100000110000000001
100000110000000001
101000110000000001
111000110000000001
111000110100101101
111000100100101101
011000100100101101
011000101100101101
011000111100101101
001000111100101101
001000010100101101
001000110100101101
001000110ZZZZZZZZ1
101000110100101101
101010110100101101
101110110100101101
101100110100101101
100000110000000001
100000110000000001
100000110000000001
101000110000000001
111000110000000001
111000110100101111
111000100100101111
011000100100101111
011000101100101111
011000111100101111
001000111100101111
001000010100101111
001000110100101111
001000110ZZZZZZZZ1
101000110100101111
101010110100101111
101110110100101111
101100110100101111
100000110000000001
100000110000000001
100000110000000001
101000110000000001
111000110000000001
111000110100110001
111000100100110001
011000100100110001
011000101100110001
011000111100110001
001000111100110001
001000010100110001
001000110100110001
001000110ZZZZZZZZ1
101000110100110001
101010110100110001
101110110100110001
101100110100110001
100000110000000001
100000110000000001
100000110000000001
101000110000000001
111000110000000001
111000110100110011
111000100100110011
011000100100110011
011000101100110011
011000111100110011
001000111100110011
001000010100110011
001000110100110011
001000110ZZZZZZZZ1
101000110100110011
101010110100110011
101110110100110011
101100110100110011
100000110000000001
100000110000000001
100000110000000001
101000110000000001
111000110000000001
111000110100110101
111000100100110101
011000100100110101
011000101100110101
011000111100110101
001000111100110101
001000010100110101
001000110100110101
001000110ZZZZZZZZ1
101000110100110101
101010110100110101
101110110100110101
101100110100110101
100000110000000001
100000110000000001
100000110000000001
101000110000000001
111000110000000001
111000110100110111
111000100100110111
011000100100110111
011000101100110111
011000111100110111
001000111100110111
001000010100110111
001000110100110111
001000110ZZZZZZZZ1
101000110100110111
101010110100110111
101110110100110111
101100110100110111
100000110000000001
100000110000000001
100000110000000001
101000110000000001
111000110000000001
111000110100111001
111000100100111001
011000100100111001
011000101100111001
011000111100111001
001000111100111001
001000010100111001
001000110100111001
001000110ZZZZZZZZ1
101000110100111001
101010110100111001
101110110100111001
101100110100111001
100000110000000001
100000110000000001
100000110000000001
101000110000000001
111000110000000001
111000110100111011
111000100100111011
011000100100111011
011000101100111011
011000111100111011
001000111100111011
001000010100111011
001000110100111011
001000110ZZZZZZZZ1
101000110100111011
101010110100111011
101110110100111011
101100110100111011
100000110000000001
100000110000000001
100000110000000001
101000110000000001
111000110000000001
111000110100111101
111000100100111101
011000100100111101
011000101100111101
011000111100111101
001000111100111101
001000010100111101
001000110100111101
001000110ZZZZZZZZ1
101000110100111101
101010110100111101
101110110100111101
101100110100111101
100000110000000001
100000110000000001
100000110000000001
101000110000000001
111000110000000001
111000110100111111
111000100100111111
011000100100111111
011000101100111111
011000111100111111
001000111100111111
001000010100111111
001000110100111111
001000110ZZZZZZZZ1
101000110100111111
101010110100111111
101110110100111111
101100110100111111
100000110000000001
100000110000000001
100000110000000001
101000110000000001
111000110000000001
111000110101000001
111000100101000001
011000100101000001
011000101101000001
011000111101000001
001000111101000001
001000010101000001
001000110101000001
001000110ZZZZZZZZ1
101000110101000001
101010110101000001
101110110101000001
101100110101000001
100000110000000001
100000110000000001
100000110000000001
101000110000000001
111000110000000001
111000110101000011
111000100101000011
011000100101000011
011000101101000011
011000111101000011
001000111101000011
001000010101000011
001000110101000011
001000110ZZZZZZZZ1
101000110101000011
101010110101000011
101110110101000011
101100110101000011
100000110000000001
100000110000000001
100000110000000001
101000110000000001
111000110000000001
111000110101000101
111000100101000101
011000100101000101
011000101101000101
011000111101000101
001000111101000101
001000010101000101
001000110101000101
001000110ZZZZZZZZ1
101000110101000101
101010110101000101
101110110101000101
101100110101000101
100000110000000001
100000110000000001
100000110000000001
101000110000000001
111000110000000001
111000110101000111
111000100101000111
011000100101000111
011000101101000111
011000111101000111
001000111101000111
001000010101000111
001000110101000111
001000110ZZZZZZZZ1
101000110101000111
101010110101000111
101110110101000111
101100110101000111
100000110000000001
100000110000000001
100000110000000001
101000110000000001
111000110000000001
111000110101001001
111000100101001001
011000100101001001
011000101101001001
011000111101001001
001000111101001001
001000010101001001
001000110101001001
001000110ZZZZZZZZ1
101000110101001001
101010110101001001
101110110101001001
101100110101001001
100000110000000001
100000110000000001
100000110000000001
101000110000000001
111000110000000001
111000110101001011
111000100101001011
011000100101001011
011000101101001011
011000111101001011
001000111101001011
001000010101001011
001000110101001011
001000110ZZZZZZZZ1
101000110101001011
101010110101001011
101110110101001011
101100110101001011
100000110000000001
100000110000000001
100000110000000001
101000110000000001
111000110000000001
111000110101001101
111000100101001101
011000100101001101
011000101101001101
011000111101001101
001000111101001101
001000010101001101
001000110101001101
001000110ZZZZZZZZ1
101000110101001101
101010110101001101
101110110101001101
101100110101001101
100000110000000001
100000110000000001
100000110000000001
101000110000000001
111000110000000001
111000110101001111
111000100101001111
011000100101001111
011000101101001111
011000111101001111
001000111101001111
001000010101001111
001000110101001111
001000110ZZZZZZZZ1
101000110101001111
101010110101001111
101110110101001111
101100110101001111
100000110000000001
100000110000000001
100000110000000001
101000110000000001
111000110000000001
111000110101010001
111000100101010001
011000100101010001
011000101101010001
011000111101010001
001000111101010001
001000010101010001
001000110101010001
001000110ZZZZZZZZ1
101000110101010001
101010110101010001
101110110101010001
101100110101010001
100000110000000001
100000110000000001
100000110000000001
101000110000000001
111000110000000001
111000110101010011
111000100101010011
011000100101010011
011000101101010011
011000111101010011
001000111101010011
001000010101010011
001000110101010011
001000110ZZZZZZZZ1
101000110101010011
101010110101010011
101110110101010011
101100110101010011
100000110000000001
100000110000000001
100000110000000001
101000110000000001
111000110000000001
111000110101010101
111000100101010101
011000100101010101
011000101101010101
011000111101010101
001000111101010101
001000010101010101
001000110101010101
001000110ZZZZZZZZ1
101000110101010101
101010110101010101
101110110101010101
101100110101010101
100000110000000001
100000110000000001
100000110000000001
101000110000000001
111000110000000001
111000110101010111
111000100101010111
011000100101010111
011000101101010111
011000111101010111
001000111101010111
001000010101010111
001000110101010111
001000110ZZZZZZZZ1
101000110101010111
101010110101010111
101110110101010111
101100110101010111
100000110000000001
100000110000000001
100000110000000001
101000110000000001
111000110000000001
111000110101011001
111000100101011001
011000100101011001
011000101101011001
011000111101011001
001000111101011001
001000010101011001
001000110101011001
001000110ZZZZZZZZ1
101000110101011001
101010110101011001
101110110101011001
101100110101011001
100000110000000001
100000110000000001
100000110000000001
101000110000000001
111000110000000001
111000110101011011
111000100101011011
011000100101011011
011000101101011011
011000111101011011
001000111101011011
001000010101011011
001000110101011011
001000110ZZZZZZZZ1
101000110101011011
101010110101011011
101110110101011011
101100110101011011
100000110000000001
100000110000000001
100000110000000001
101000110000000001
111000110000000001
111000110101011101
111000100101011101
011000100101011101
011000101101011101
011000111101011101
001000111101011101
001000010101011101
001000110101011101
001000110ZZZZZZZZ1
101000110101011101
101010110101011101
101110110101011101
101100110101011101
100000110000000001
100000110000000001
100000110000000001
101000110000000001
111000110000000001
111000110101011111
111000100101011111
011000100101011111
011000101101011111
011000111101011111
001000111101011111
001000010101011111
001000110101011111
001000110ZZZZZZZZ1
101000110101011111
101010110101011111
101110110101011111
101100110101011111
100000110000000001
100000110000000001
100000110000000001
101000110000000001
111000110000000001
111000110101100001
111000100101100001
011000100101100001
011000101101100001
011000111101100001
001000111101100001
001000010101100001
001000110101100001
001000110ZZZZZZZZ1
101000110101100001
101010110101100001
101110110101100001
101100110101100001
100000110000000001
100000110000000001
100000110000000001
101000110000000001
111000110000000001
111000110101100011
111000100101100011
011000100101100011
011000101101100011
011000111101100011
001000111101100011
001000010101100011
001000110101100011
001000110ZZZZZZZZ1
101000110101100011
101010110101100011
101110110101100011
101100110101100011
100000110000000001
100000110000000001
100000110000000001
101000110000000001
111000110000000001
111000110101100101
111000100101100101
011000100101100101
011000101101100101
011000111101100101
001000111101100101
001000010101100101
001000110101100101
001000110ZZZZZZZZ1
101000110101100101
101010110101100101
101110110101100101
101100110101100101
100000110000000001
100000110000000001
100000110000000001
101000110000000001
111000110000000001
111000110101100111
111000100101100111
011000100101100111
011000101101100111
011000111101100111
001000111101100111
001000010101100111
001000110101100111
001000110ZZZZZZZZ1
101000110101100111
101010110101100111
101110110101100111
101100110101100111
100000110000000001
100000110000000001
100000110000000001
101000110000000001
111000110000000001
111000110101101001
111000100101101001
011000100101101001
011000101101101001
011000111101101001
001000111101101001
001000010101101001
001000110101101001
001000110ZZZZZZZZ1
101000110101101001
101010110101101001
101110110101101001
101100110101101001
100000110000000001
100000110000000001
100000110000000001
101000110000000001
111000110000000001
111000110101101011
111000100101101011
011000100101101011
011000101101101011
011000111101101011
001000111101101011
001000010101101011
001000110101101011
001000110ZZZZZZZZ1
101000110101101011
101010110101101011
101110110101101011
101100110101101011
100000110000000001
100000110000000001
100000110000000001
101000110000000001
111000110000000001
111000110101101101
111000100101101101
011000100101101101
011000101101101101
011000111101101101
001000111101101101
001000010101101101
001000110101101101
001000110ZZZZZZZZ1
101000110101101101
101010110101101101
101110110101101101
101100110101101101
100000110000000001
100000110000000001
100000110000000001
101000110000000001
111000110000000001
111000110101101111
111000100101101111
011000100101101111
011000101101101111
011000111101101111
001000111101101111
001000010101101111
001000110101101111
001000110ZZZZZZZZ1
101000110101101111
101010110101101111
101110110101101111
101100110101101111
100000110000000001
100000110000000001
100000110000000001
101000110000000001
111000110000000001
111000110101110001
111000100101110001
011000100101110001
011000101101110001
011000111101110001
001000111101110001
001000010101110001
001000110101110001
001000110ZZZZZZZZ1
101000110101110001
101010110101110001
101110110101110001
101100110101110001
100000110000000001
100000110000000001
100000110000000001
101000110000000001
111000110000000001
111000110101110011
111000100101110011
011000100101110011
011000101101110011
011000111101110011
001000111101110011
001000010101110011
001000110101110011
001000110ZZZZZZZZ1
101000110101110011
101010110101110011
101110110101110011
101100110101110011
100000110000000001
100000110000000001
100000110000000001
101000110000000001
111000110000000001
111000110101110101
111000100101110101
011000100101110101
011000101101110101
011000111101110101
001000111101110101
001000010101110101
001000110101110101
001000110ZZZZZZZZ1
101000110101110101
101010110101110101
101110110101110101
101100110101110101
100000110000000001
100000110000000001
100000110000000001
101000110000000001
111000110000000001
111000110101110111
111000100101110111
011000100101110111
011000101101110111
011000111101110111
001000111101110111
001000010101110111
001000110101110111
001000110ZZZZZZZZ1
101000110101110111
101010110101110111
101110110101110111
101100110101110111
100000110000000001
100000110000000001
100000110000000001
101000110000000001
111000110000000001
111000110101111001
111000100101111001
011000100101111001
011000101101111001
011000111101111001
001000111101111001
001000010101111001
001000110101111001
001000110ZZZZZZZZ1
101000110101111001
101010110101111001
101110110101111001
101100110101111001
100000110000000001
100000110000000001
100000110000000001
101000110000000001
111000110000000001
111000110101111011
111000100101111011
011000100101111011
011000101101111011
011000111101111011
001000111101111011
001000010101111011
001000110101111011
001000110ZZZZZZZZ1
101000110101111011
101010110101111011
101110110101111011
101100110101111011
100000110000000001
100000110000000001
100000110000000001
101000110000000001
111000110000000001
111000110101111101
111000100101111101
011000100101111101
011000101101111101
011000111101111101
001000111101111101
001000010101111101
001000110101111101
001000110ZZZZZZZZ1
101000110101111101
101010110101111101
101110110101111101
101100110101111101
100000110000000001
100000110000000001
100000110000000001
101000110000000001
111000110000000001
111000110101111111
111000100101111111
011000100101111111
011000101101111111
011000111101111111
001000111101111111
001000010101111111
001000110101111111
001000110ZZZZZZZZ1
101000110101111111
101010110101111111
101110110101111111
101100110101111111
100000110000000001
100000110000000001
100000110000000001
101000110000000001
111000110000000001
111000110110000001
111000100110000001
011000100110000001
011000101110000001
011000111110000001
001000111110000001
001000010110000001
001000110110000001
001000110ZZZZZZZZ1
101000110110000001
101010110110000001
101110110110000001
101100110110000001
100000110000000001
100000110000000001
100000110000000001
101000110000000001
111000110000000001
111000110110000011
111000100110000011
011000100110000011
011000101110000011
011000111110000011
001000111110000011
001000010110000011
001000110110000011
001000110ZZZZZZZZ1
101000110110000011
101010110110000011
101110110110000011
101100110110000011
100000110000000001
100000110000000001
100000110000000001
101000110000000001
111000110000000001
111000110110000101
111000100110000101
011000100110000101
011000101110000101
011000111110000101
001000111110000101
001000010110000101
001000110110000101
001000110ZZZZZZZZ1
101000110110000101
101010110110000101
101110110110000101
101100110110000101
100000110000000001
100000110000000001
100000110000000001
101000110000000001
111000110000000001
111000110110000111
111000100110000111
011000100110000111
011000101110000111
011000111110000111
001000111110000111
001000010110000111
001000110110000111
001000110ZZZZZZZZ1
101000110110000111
101010110110000111
101110110110000111
101100110110000111
100000110000000001
100000110000000001
100000110000000001
101000110000000001
111000110000000001
111000110110001001
111000100110001001
011000100110001001
011000101110001001
011000111110001001
001000111110001001
001000010110001001
001000110110001001
001000110ZZZZZZZZ1
101000110110001001
101010110110001001
101110110110001001
101100110110001001
100000110000000001
100000110000000001
100000110000000001
101000110000000001
111000110000000001
111000110110001011
111000100110001011
011000100110001011
011000101110001011
011000111110001011
001000111110001011
001000010110001011
001000110110001011
001000110ZZZZZZZZ1
101000110110001011
101010110110001011
101110110110001011
101100110110001011
100000110000000001
100000110000000001
100000110000000001
101000110000000001
111000110000000001
111000110110001101
111000100110001101
011000100110001101
011000101110001101
011000111110001101
001000111110001101
001000010110001101
001000110110001101
001000110ZZZZZZZZ1
101000110110001101
101010110110001101
101110110110001101
101100110110001101
100000110000000001
100000110000000001
100000110000000001
101000110000000001
111000110000000001
111000110110001111
111000100110001111
011000100110001111
011000101110001111
011000111110001111
001000111110001111
001000010110001111
001000110110001111
001000110ZZZZZZZZ1
101000110110001111
101010110110001111
101110110110001111
101100110110001111
100000110000000001
100000110000000001
100000110000000001
101000110000000001
111000110000000001
111000110110010001
111000100110010001
011000100110010001
011000101110010001
011000111110010001
001000111110010001
001000010110010001
001000110110010001
001000110ZZZZZZZZ1
101000110110010001
101010110110010001
101110110110010001
101100110110010001
100000110000000001
100000110000000001
100000110000000001
101000110000000001
111000110000000001
111000110110010011
111000100110010011
011000100110010011
011000101110010011
011000111110010011
001000111110010011
001000010110010011
001000110110010011
001000110ZZZZZZZZ1
101000110110010011
101010110110010011
101110110110010011
101100110110010011
100000110000000001
100000110000000001
100000110000000001
101000110000000001
111000110000000001
111000110110010101
111000100110010101
011000100110010101
011000101110010101
011000111110010101
001000111110010101
001000010110010101
001000110110010101
001000110ZZZZZZZZ1
101000110110010101
101010110110010101
101110110110010101
101100110110010101
100000110000000001
100000110000000001
100000110000000001
101000110000000001
111000110000000001
111000110110010111
111000100110010111
011000100110010111
011000101110010111
011000111110010111
001000111110010111
001000010110010111
001000110110010111
001000110ZZZZZZZZ1
101000110110010111
101010110110010111
101110110110010111
101100110110010111
100000110000000001
100000110000000001
100000110000000001
101000110000000001
111000110000000001
111000110110011001
111000100110011001
011000100110011001
011000101110011001
011000111110011001
001000111110011001
001000010110011001
001000110110011001
001000110ZZZZZZZZ1
101000110110011001
101010110110011001
101110110110011001
101100110110011001
100000110000000001
100000110000000001
100000110000000001
101000110000000001
111000110000000001
111000110110011011
111000100110011011
011000100110011011
011000101110011011
011000111110011011
001000111110011011
001000010110011011
001000110110011011
001000110ZZZZZZZZ1
101000110110011011
101010110110011011
101110110110011011
101100110110011011
100000110000000001
100000110000000001
100000110000000001
101000110000000001
111000110000000001
111000110110011101
111000100110011101
011000100110011101
011000101110011101
011000111110011101
001000111110011101
001000010110011101
001000110110011101
001000110ZZZZZZZZ1
101000110110011101
101010110110011101
101110110110011101
101100110110011101
100000110000000001
100000110000000001
100000110000000001
101000110000000001
111000110000000001
111000110110011111
111000100110011111
011000100110011111
011000101110011111
011000111110011111
001000111110011111
001000010110011111
001000110110011111
001000110ZZZZZZZZ1
101000110110011111
101010110110011111
101110110110011111
101100110110011111
100000110000000001
100000110000000001
100000110000000001
101000110000000001
111000110000000001
111000110110100001
111000100110100001
011000100110100001
011000101110100001
011000111110100001
001000111110100001
001000010110100001
001000110110100001
001000110ZZZZZZZZ1
101000110110100001
101010110110100001
101110110110100001
101100110110100001
100000110000000001
100000110000000001
100000110000000001
101000110000000001
111000110000000001
111000110110100011
111000100110100011
011000100110100011
011000101110100011
011000111110100011
001000111110100011
001000010110100011
001000110110100011
001000110ZZZZZZZZ1
101000110110100011
101010110110100011
101110110110100011
101100110110100011
100000110000000001
100000110000000001
100000110000000001
101000110000000001
111000110000000001
111000110110100101
111000100110100101
011000100110100101
011000101110100101
011000111110100101
001000111110100101
001000010110100101
001000110110100101
001000110ZZZZZZZZ1
101000110110100101
101010110110100101
101110110110100101
101100110110100101
100000110000000001
100000110000000001
100000110000000001
101000110000000001
111000110000000001
111000110110100111
111000100110100111
011000100110100111
011000101110100111
011000111110100111
001000111110100111
001000010110100111
001000110110100111
001000110ZZZZZZZZ1
101000110110100111
101010110110100111
101110110110100111
101100110110100111
100000110000000001
100000110000000001
100000110000000001
101000110000000001
111000110000000001
111000110110101001
111000100110101001
011000100110101001
011000101110101001
011000111110101001
001000111110101001
001000010110101001
001000110110101001
001000110ZZZZZZZZ1
101000110110101001
101010110110101001
101110110110101001
101100110110101001
100000110000000001
100000110000000001
100000110000000001
101000110000000001
111000110000000001
111000110110101011
111000100110101011
011000100110101011
011000101110101011
011000111110101011
001000111110101011
001000010110101011
001000110110101011
001000110ZZZZZZZZ1
101000110110101011
101010110110101011
101110110110101011
101100110110101011
100000110000000001
100000110000000001
100000110000000001
101000110000000001
111000110000000001
111000110110101101
111000100110101101
011000100110101101
011000101110101101
011000111110101101
001000111110101101
001000010110101101
001000110110101101
001000110ZZZZZZZZ1
101000110110101101
101010110110101101
101110110110101101
101100110110101101
100000110000000001
100000110000000001
100000110000000001
101000110000000001
111000110000000001
111000110110101111
111000100110101111
011000100110101111
011000101110101111
011000111110101111
001000111110101111
001000010110101111
001000110110101111
001000110ZZZZZZZZ1
101000110110101111
101010110110101111
101110110110101111
101100110110101111
100000110000000001
100000110000000001
100000110000000001
101000110000000001
111000110000000001
111000110110110001
111000100110110001
011000100110110001
011000101110110001
011000111110110001
001000111110110001
001000010110110001
001000110110110001
001000110ZZZZZZZZ1
101000110110110001
101010110110110001
101110110110110001
101100110110110001
100000110000000001
100000110000000001
100000110000000001
101000110000000001
111000110000000001
111000110110110011
111000100110110011
011000100110110011
011000101110110011
011000111110110011
001000111110110011
001000010110110011
001000110110110011
001000110ZZZZZZZZ1
101000110110110011
101010110110110011
101110110110110011
101100110110110011
100000110000000001
100000110000000001
100000110000000001
101000110000000001
111000110000000001
111000110110110101
111000100110110101
011000100110110101
011000101110110101
011000111110110101
001000111110110101
001000010110110101
001000110110110101
001000110ZZZZZZZZ1
101000110110110101
101010110110110101
101110110110110101
101100110110110101
100000110000000001
100000110000000001
100000110000000001
101000110000000001
111000110000000001
111000110110110111
111000100110110111
011000100110110111
011000101110110111
011000111110110111
001000111110110111
001000010110110111
001000110110110111
001000110ZZZZZZZZ1
101000110110110111
101010110110110111
101110110110110111
101100110110110111
100000110000000001
100000110000000001
100000110000000001
101000110000000001
111000110000000001
111000110110111001
111000100110111001
011000100110111001
011000101110111001
011000111110111001
001000111110111001
001000010110111001
001000110110111001
001000110ZZZZZZZZ1
101000110110111001
101010110110111001
101110110110111001
101100110110111001
100000110000000001
100000110000000001
100000110000000001
101000110000000001
111000110000000001
111000110110111011
111000100110111011
011000100110111011
011000101110111011
011000111110111011
001000111110111011
001000010110111011
001000110110111011
001000110ZZZZZZZZ1
101000110110111011
101010110110111011
101110110110111011
101100110110111011
100000110000000001
100000110000000001
100000110000000001
101000110000000001
111000110000000001
111000110110111101
111000100110111101
011000100110111101
011000101110111101
011000111110111101
001000111110111101
001000010110111101
001000110110111101
001000110ZZZZZZZZ1
101000110110111101
101010110110111101
101110110110111101
101100110110111101
100000110000000001
100000110000000001
100000110000000001
101000110000000001
111000110000000001
111000110110111111
111000100110111111
011000100110111111
011000101110111111
011000111110111111
001000111110111111
001000010110111111
001000110110111111
001000110ZZZZZZZZ1
101000110110111111
101010110110111111
101110110110111111
101100110110111111
100000110000000001
100000110000000001
100000110000000001
101000110000000001
111000110000000001
111000110111000001
111000100111000001
011000100111000001
011000101111000001
011000111111000001
001000111111000001
001000010111000001
001000110111000001
001000110ZZZZZZZZ1
101000110111000001
101010110111000001
101110110111000001
101100110111000001
100000110000000001
100000110000000001
100000110000000001
101000110000000001
111000110000000001
111000110111000011
111000100111000011
011000100111000011
011000101111000011
011000111111000011
001000111111000011
001000010111000011
001000110111000011
001000110ZZZZZZZZ1
101000110111000011
101010110111000011
101110110111000011
101100110111000011
100000110000000001
100000110000000001
100000110000000001
101000110000000001
111000110000000001
111000110111000101
111000100111000101
011000100111000101
011000101111000101
011000111111000101
001000111111000101
001000010111000101
001000110111000101
001000110ZZZZZZZZ1
101000110111000101
101010110111000101
101110110111000101
101100110111000101
100000110000000001
100000110000000001
100000110000000001
101000110000000001
111000110000000001
111000110111000111
111000100111000111
011000100111000111
011000101111000111
011000111111000111
001000111111000111
001000010111000111
001000110111000111
001000110ZZZZZZZZ1
101000110111000111
101010110111000111
101110110111000111
101100110111000111
100000110000000001
100000110000000001
100000110000000001
101000110000000001
111000110000000001
111000110111001001
111000100111001001
011000100111001001
011000101111001001
011000111111001001
001000111111001001
001000010111001001
001000110111001001
001000110ZZZZZZZZ1
101000110111001001
101010110111001001
101110110111001001
101100110111001001
100000110000000001
100000110000000001
100000110000000001
101000110000000001
111000110000000001
111000110111001011
111000100111001011
011000100111001011
011000101111001011
011000111111001011
001000111111001011
001000010111001011
001000110111001011
001000110ZZZZZZZZ1
101000110111001011
101010110111001011
101110110111001011
101100110111001011
100000110000000001
100000110000000001
100000110000000001
101000110000000001
111000110000000001
111000110111001101
111000100111001101
011000100111001101
011000101111001101
011000111111001101
001000111111001101
001000010111001101
001000110111001101
001000110ZZZZZZZZ1
101000110111001101
101010110111001101
101110110111001101
101100110111001101
100000110000000001
100000110000000001
100000110000000001
101000110000000001
111000110000000001
111000110111001111
111000100111001111
011000100111001111
011000101111001111
011000111111001111
001000111111001111
001000010111001111
001000110111001111
001000110ZZZZZZZZ1
101000110111001111
101010110111001111
101110110111001111
101100110111001111
100000110000000001
100000110000000001
100000110000000001
101000110000000001
111000110000000001
111000110111010001
111000100111010001
011000100111010001
011000101111010001
011000111111010001
001000111111010001
001000010111010001
001000110111010001
001000110ZZZZZZZZ1
101000110111010001
101010110111010001
101110110111010001
101100110111010001
100000110000000001
100000110000000001
100000110000000001
101000110000000001
111000110000000001
111000110111010011
111000100111010011
011000100111010011
011000101111010011
011000111111010011
001000111111010011
001000010111010011
001000110111010011
001000110ZZZZZZZZ1
101000110111010011
101010110111010011
101110110111010011
101100110111010011
100000110000000001
100000110000000001
100000110000000001
101000110000000001
111000110000000001
111000110111010101
111000100111010101
011000100111010101
011000101111010101
011000111111010101
001000111111010101
001000010111010101
001000110111010101
001000110ZZZZZZZZ1
101000110111010101
101010110111010101
101110110111010101
101100110111010101
100000110000000001
100000110000000001
100000110000000001
101000110000000001
111000110000000001
111000110111010111
111000100111010111
011000100111010111
011000101111010111
011000111111010111
001000111111010111
001000010111010111
001000110111010111
001000110ZZZZZZZZ1
101000110111010111
101010110111010111
101110110111010111
101100110111010111
100000110000000001
100000110000000001
100000110000000001
101000110000000001
111000110000000001
111000110111011001
111000100111011001
011000100111011001
011000101111011001
011000111111011001
001000111111011001
001000010111011001
001000110111011001
001000110ZZZZZZZZ1
101000110111011001
101010110111011001
101110110111011001
101100110111011001
100000110000000001
100000110000000001
100000110000000001
101000110000000001
111000110000000001
111000110111011011
111000100111011011
011000100111011011
011000101111011011
011000111111011011
001000111111011011
001000010111011011
001000110111011011
001000110ZZZZZZZZ1
101000110111011011
101010110111011011
101110110111011011
101100110111011011
100000110000000001
100000110000000001
100000110000000001
101000110000000001
111000110000000001
111000110111011101
111000100111011101
011000100111011101
011000101111011101
011000111111011101
001000111111011101
001000010111011101
001000110111011101
001000110ZZZZZZZZ1
101000110111011101
101010110111011101
101110110111011101
101100110111011101
100000110000000001
100000110000000001
100000110000000001
101000110000000001
111000110000000001
111000110111011111
111000100111011111
011000100111011111
011000101111011111
011000111111011111
001000111111011111
001000010111011111
001000110111011111
001000110ZZZZZZZZ1
101000110111011111
101010110111011111
101110110111011111
101100110111011111
100000110000000001
100000110000000001
100000110000000001
101000110000000001
111000110000000001
111000110111100001
111000100111100001
011000100111100001
011000101111100001
011000111111100001
001000111111100001
001000010111100001
001000110111100001
001000110ZZZZZZZZ1
101000110111100001
101010110111100001
101110110111100001
101100110111100001
100000110000000001
100000110000000001
100000110000000001
101000110000000001
111000110000000001
111000110111100011
111000100111100011
011000100111100011
011000101111100011
011000111111100011
001000111111100011
001000010111100011
001000110111100011
001000110ZZZZZZZZ1
101000110111100011
101010110111100011
101110110111100011
101100110111100011
100000110000000001
100000110000000001
100000110000000001
101000110000000001
111000110000000001
111000110111100101
111000100111100101
011000100111100101
011000101111100101
011000111111100101
001000111111100101
001000010111100101
001000110111100101
001000110ZZZZZZZZ1
101000110111100101
101010110111100101
101110110111100101
101100110111100101
100000110000000001
100000110000000001
100000110000000001
101000110000000001
111000110000000001
111000110111100111
111000100111100111
011000100111100111
011000101111100111
011000111111100111
001000111111100111
001000010111100111
001000110111100111
001000110ZZZZZZZZ1
101000110111100111
101010110111100111
101110110111100111
101100110111100111
100000110000000001
100000110000000001
100000110000000001
101000110000000001
111000110000000001
111000110111101001
111000100111101001
011000100111101001
011000101111101001
011000111111101001
001000111111101001
001000010111101001
001000110111101001
001000110ZZZZZZZZ1
101000110111101001
101010110111101001
101110110111101001
101100110111101001
100000110000000001
100000110000000001
100000110000000001
101000110000000001
111000110000000001
111000110111101011
111000100111101011
011000100111101011
011000101111101011
011000111111101011
001000111111101011
001000010111101011
001000110111101011
001000110ZZZZZZZZ1
101000110111101011
101010110111101011
101110110111101011
101100110111101011
100000110000000001
100000110000000001
100000110000000001
101000110000000001
111000110000000001
111000110111101101
111000100111101101
011000100111101101
011000101111101101
011000111111101101
001000111111101101
001000010111101101
001000110111101101
001000110ZZZZZZZZ1
101000110111101101
101010110111101101
101110110111101101
101100110111101101
100000110000000001
100000110000000001
100000110000000001
101000110000000001
111000110000000001
111000110111101111
111000100111101111
011000100111101111
011000101111101111
011000111111101111
001000111111101111
001000010111101111
001000110111101111
001000110ZZZZZZZZ1
101000110111101111
101010110111101111
101110110111101111
101100110111101111
100000110000000001
100000110000000001
100000110000000001
101000110000000001
111000110000000001
111000110111110001
111000100111110001
011000100111110001
011000101111110001
011000111111110001
001000111111110001
001000010111110001
001000110111110001
001000110ZZZZZZZZ1
101000110111110001
101010110111110001
101110110111110001
101100110111110001
100000110000000001
100000110000000001
100000110000000001
101000110000000001
111000110000000001
111000110111110011
111000100111110011
011000100111110011
011000101111110011
011000111111110011
001000111111110011
001000010111110011
001000110111110011
001000110ZZZZZZZZ1
101000110111110011
101010110111110011
101110110111110011
101100110111110011
100000110000000001
100000110000000001
100000110000000001
101000110000000001
111000110000000001
111000110111110101
111000100111110101
011000100111110101
011000101111110101
011000111111110101
001000111111110101
001000010111110101
001000110111110101
001000110ZZZZZZZZ1
101000110111110101
101010110111110101
101110110111110101
101100110111110101
100000110000000001
100000110000000001
100000110000000001
101000110000000001
111000110000000001
111000110111110111
111000100111110111
011000100111110111
011000101111110111
011000111111110111
001000111111110111
001000010111110111
001000110111110111
001000110ZZZZZZZZ1
101000110111110111
101010110111110111
101110110111110111
101100110111110111
100000110000000001
100000110000000001
100000110000000001
101000110000000001
111000110000000001
111000110111111001
111000100111111001
011000100111111001
011000101111111001
011000111111111001
001000111111111001
001000010111111001
001000110111111001
001000110ZZZZZZZZ1
101000110111111001
101010110111111001
101110110111111001
101100110111111001
100000110000000001
100000110000000001
100000110000000001
101000110000000001
111000110000000001
111000110111111011
111000100111111011
011000100111111011
011000101111111011
011000111111111011
001000111111111011
001000010111111011
001000110111111011
001000110ZZZZZZZZ1
101000110111111011
101010110111111011
101110110111111011
101100110111111011
100000110000000001
100000110000000001
100000110000000001
101000110000000001
111000110000000001
111000110111111101
111000100111111101
011000100111111101
011000101111111101
011000111111111101
001000111111111101
001000010111111101
001000110111111101
001000110ZZZZZZZZ1
101000110111111101
101010110111111101
101110110111111101
101100110111111101
100000110000000001
100000110000000001
100000110000000001
101000110000000001
111000110000000001
111000110111111111
111000100111111111
011000100111111111
011000101111111111
011000111111111111
001000111111111111
001000010111111110
001000110111111110
001000110ZZZZZZZZ0
101000110111111110
101010110111111110
101110110111111110
101100110111111110
